{"artifact_id":"fa_5cb65a59b038d9586aea","evaluation":null,"forecast":{"abstain_reason":null,"abstained":false,"expected_goals":{"away":1.25,"home":1.25},"horizon":"T-24h","market":"1x2_regulation","probs":{"away":0.364977,"draw":0.270046,"home":0.364977},"score_matrix":{"grid":[[0.082084999,0.102606248,0.064128905,0.026720377,0.008350118,0.002087529,0.000434902,7.7661e-05],[0.102606248,0.12825781,0.080161131,0.033400471,0.010437647,0.002609412,0.000543627,9.7076e-05],[0.064128905,0.080161131,0.050100707,0.020875295,0.00652353,0.001630882,0.000339767,6.0673e-05],[0.026720377,0.033400471,0.020875295,0.008698039,0.002718137,0.000679534,0.00014157,2.528e-05],[0.008350118,0.010437647,0.00652353,0.002718137,0.000849418,0.000212354,4.4241e-05,7.9e-06],[0.002087529,0.002609412,0.001630882,0.000679534,0.000212354,5.3089e-05,1.106e-05,1.975e-06],[0.000434902,0.000543627,0.000339767,0.00014157,4.4241e-05,1.106e-05,2.304e-06,4.11e-07],[7.7661e-05,9.7076e-05,6.0673e-05,2.528e-05,7.9e-06,1.975e-06,4.11e-07,7.3e-08]],"max_goals":7,"most_likely":{"away":1,"home":1,"probability":0.12825781},"resolution":20,"tail":{"away":4.9063e-05,"draw":2e-09,"home":4.9063e-05,"probability":9.8128e-05},"total_probability":0.999999993},"sealed_at_utc":"2030-01-10T18:00:00Z","uncertainty":"medium"},"inputs":{"snapshots":[{"license":"CC0-1.0 excerpt; synthetic fields are test-only","retrieved_at_utc":"2030-01-01T00:00:00Z","sha256":"efd0adeb029fa164d1476de54a5a953d0cf7d037ea0bebca92f36a96a6ece9c9","snapshot_id":"sp_synthetic_fixture_v1","source_id":"golavo-synthetic-contract-fixtures","upstream_ref":"phase0-fixtures-v1","url":"https://github.com/udhawan97/Golavo/tree/main/data/fixtures"}],"training_cutoff_utc":"2030-01-10T18:00:00Z"},"match":{"away_team":"Example Away 1","city":"Example City","competition":"Synthetic contract fixture","country":"Example Country","home_team":"Example Home 1","kickoff_utc":"2030-01-11T18:00:00Z","match_id":"m_synthetic_01","neutral_venue":false,"stage":"Acceptance test"},"model":{"code_git_sha":"0000000","family":"poisson_independent","model_id":"synthetic_contract_fixture","params_hash":"5f1b3431408401f9d68b5ee37a843f3618480a2e3689ca58ffcf6791f4e643c6","seed":20260710,"version":"0.1.0"},"provenance":{"created_at_utc":"2030-01-10T18:00:00Z","deterministic":true,"generator":"golavo-sample-fixtures/0.2.0","payload_sha256":"5af1796a2b96b666df36007be14f9bb46e70df07799a9e96338cfe7b299358ec"},"schema_version":"0.2.0","status":"sealed","supersedes":null}
